标识
007999
007999
007999
007999
007999
014999
014999
055001
055001
055001
014999
055001
055001
014999
014999
014999
014999
014999
014999
014999
014999
014999
014999
014999
055001
055001
055001
055001
055001
014999
014999
014999
014999
014999
014999
014999
013010
013010
013010
013010
013010
013010
055001
055001
055001
055001
055001
055001
055001
055001
055001
055001
055001
055001
055001
055001
055001
055001
055001
055001
013010
013010
055001
055001
055001
055001
055001
055001
055001
055001
055001
055001
055001
055001
055001
055001
055001
055001
055001
055001
055001
055001
055001
055001
055001
055001
055001
055001
055001
055001
055001
001006
001006
001006
001001
001001
001001
001001
001001
001001
001001
001001
001001
001001
001001
001001
001001
001001
001002
001002
001002
001002
001002
001003
001003
001003
001003
001003
001003
001003
001003
001004
001004
001004
001004
001004
001004
001004
001004
001005
001005
001006
001006
001006
001006
001007
001007
001008
001008
001008
001008
001008
001006
001006
001006
001006
001008
001001
001004
001003
001008
001008
001007
001001
001008
001008
001010
001002
001008
001008
001002
001002
001002
001002
001008
001008
001005
001004
001001
001001
001005
001007
001007
001001
001001
001007
001001
001004
001008
001001
001007
001005
001008
001004
001008
001008
001003
001001
001002
001002
001002
001004
001004
001003
001005
001001
001008
001008
001008
001003
001003
001003
001007
001003
001004
001004
001008
001002
001002
001003
001003
001999
001005
001003
001006
001999
001007
001999
001999
001004
001008
001999
001999
001008
001999
001002
001004
001001
001999
001999
001999
001999
001006
001999
001004
001999
001999
001008
001008
001008
001008
001999
001999
001999
001008
001999
001002
001002
001002
001002
001002
001002
001002
001002
001002
001002
001002
001002
001002
001002
001002
001058
001058
001058
001058
001002
001002
001002
001002
001002
001058
001002
001002
001002
001002
001002
001002
001002
001002
001002
001002
001002
001002
001002
001002
001002
001002
001058
001002
001002
001002
001002
001002
001002
001002
001002
001002
001002
001002
001002
001002
001058
001002
001002
001002
001002
001002
001002
001002
001002
001002
001002
001002
001002
001002
001002
001002
001002
001002
001002
001002
001002
001002
001002
001002
001002
001002
001002
001002
001058
001002
001002
001002
001002
001002
001002
001002
001002
001002
001002
001002
001002
001002
001002
001002
001002
001002
001002
001002
001002
001002
001002
001002
001002
001002
001002
001002
001002
001002
001002
001002
001002
001002
001002
001002
001002
001002
001002
001002
001002
001002
001002
001002
001002
001002
001002
001002
001002
001002
001002
001002
001002
001002
001002
001002
001002
001002
001002
001002
001002
001002
001002
001002
001999
001999
001999
001999
001999
001999
001999
001999
001999
001999
001999
001002
001999
001999
001002
001002
001002
001002
001008
001015
001001
001001
001001
001999
001002
001002
001004
001004
001004
001004
001004
001004
001004
001004
001004
001999
001999
001002
001002
001002
001002
001999
001999
001999
001007
001018
001010
001002
001002
001002
001002
001002
001002
001002
001002
001002
001002
001002
001002
001002
001002
001002
001001
001001
001001
001001
001001
001001
001001
001001
001001
001001
001001
001001
001001
001999
001999
001999
001999
001999
001999
001001
001001
001001
001001
001001
001001
001002
001002
001002
001002
001999
001004
001999
001007
001007
001004
001001
001001
001001
001001
001001
001001
001003
001003
001003
001003
001003
001003
001003
001003
001003
001003
001999
001006
001006
001006
001003
001999
001002
001002
001002
001002
001002
001002
001002
001002
001002
001002
001002
001002
001002
001002
001002
001002
001002
001002
001002
001002
001002
001004
001001
001002
001002
001002
001002
001002
001001
001001
001004
001004
001004
001004
001012
001012
001012
001012
001012
001012
001012
001012
001012
001012
001012
001007
001007
001007
001007
001007
001007
001007
001007
001007
001015
001015
001015
001999
001008
001008
001999
001999
001999
001999
001999
001999
001999
001999
001999
001999
001999
001999
001999
001999
001999
001999
001008
001008
001008
001008
001008
001008
001008
001008
001013
001013
001013
001013
001013
001013
001013
001013
001999
001002
001002
001999
001999
001002
001002
001003
001999
001999
001005
001007
001999
001999
001008
001020
001017
001007
001005
001016
001007
001999
001013
001013
001001
001001
001001
001001
001001
001001
001001
001001
001001
001001
001001
001001
001001
001001
001001
001001
001001
001001
001001
001001
001001
001001
001001
001001
001001
001001
001001
001001
001001
001001
001001
001001
001001
001001
001001
001001
001001
001001
001001
001001
001001
001001
001001
001001
001001
001001
001001
001001
001001
001001
001001
001001
001001
001001
001001
001001
001001
001001
001001
001001
001001
001001
001001
001001
001001
001001
001001
001001
001001
001001
001001
001001
001001
001001
001001
001001
001001
001001
001001
001001
001001
001001
001001
001001
001001
001001
001001
001001
001999
001999
001999
001999
001999
001999
001999
001999
001999
001003
001003
001003
001003
001003
001003
001003
001003
001003
001003
001003
001003
001003
001003
001003
001003
001003
001003
001003
001003
001999
001999
001999
001999
001999
001999
001999
001999
001999
001008
001008
001008
001008
001008
001008
001999
001999
001999
001999
001019
001006
001006
001006
001999
001006
001006
001006
001999
001999
001999
001999
001999
001999
001999
001015
001015
001015
001015
001015
001999
001999
001999
001999
001999
001003
001003
001003
001008
001999
001999
001999
001999
001999
001999
001003
001007
001008
001008
001008
001008
001008
001008
001008
001008
001008
001008
001008
001008
001008
001008
001008
001008
001008
001008
001008
001008
001008
001008
001008
001008
001008
001008
001008
001008
001008
001008
001008
001008
001008
001008
001008
001008
001008
001008
001008
001008
001008
001008
001008
001008
001008
001008
001008
001008
001008
001008
001008
001008
001008
001008
001008
001008
001008
001008
001008
001008
001008
001008
001008
001008
001008
001008
001008
001008
001008
001008
001008
001008
001008
001008
001008
001008
001008
001008
001008
001008
001008
001008
001008
001008
001008
001008
001008
001008
001008
001008
001008
001999
001999
001002
001002
001002
001002
001002
001002
001002
001002
001999
001999
001999
001999
001999
001999
001003
001005
001011
001012
001999
001999
001999
001002
001999
001999
001013
001008
001005
001005
001005
001005
001005
001007
001005
001005
001005
001005
001005
001005
001005
001005
001005
001005
001005
001005
001005
001005
001005
001005
001005
001005
001005
001005
001005
001005
001005
001014
001014
001014
001014
001014
001014
001014
001014
001014
001014
001014
001014
001014
001014
001014
001014
001014
001014
001014
001014
001014
001014
001014
001014
001014
001014
001014
001014
001014
001014
001014
001014
001014
001014
001005
001005
001005
001005
001005
001005
001005
001005
001005
001005
001005
001005
001005
001005
001005
001003
001999
001005
001005
001003
001005
001005
001999
001004
001004
001004
001004
001004
001004
001004
001004
001004
001004
001004
001004
001004
001004
001004
001004
001004
001004
001004
001004
001004
001004
001004
001999
001999
001999
001999
001999
001999
001007
001999
002001
002001
002001
002001
002001
002001
002001
002001
002001
002001
002001
002009
002009
002009
002010
002010
002010
002034
002013
002013
002014
002014
002019
002019
002019
002019
002019
002019
002020
002020
002020
002020
002020
002020
002020
002020
002020
002021
002021
002022
002022
002022
002022
002022
002022
002025
002025
002025
002027
002028
002028
002029
002031
002031
002032
002032
002018
002018
002001
002001
002001
002001
002001
002001
002020
002020
002020
002020
002020
002019
002019
002019
002019
002019
002019
002019
002004
002004
002007
002008
002008
002023
002023
002023
002023
002009
002001
002001
002009
002007
002001
002001
002004
002008
002007
002006
002004
002008
002009
002010
002001
002001
002001
002001
002019
002019
002019
002019
002019
002019
002022
002022
002022
002022
002022
002020
002020
002020
002020
002009
002034
002001
002001
002001
002004
002003
002034
002022
002001
002001
002014
002008
002022
002010
002023
002023
002023
002023
002023
002001
002019
002022
002022
002029
002001
002001
002005
002022
002999
002999
002022
002029
002029
002001
002001
002001
002001
002001
002001
002001
002001
002001
002001
002001
002001
002001
002001
002001
002001
002001
002001
002001
002001
002001
002001
002001
002001
002001
002001
002001
002001
002001
002001
002001
002001
002001
002001
002001
002001
002001
002001
002001
002001
002001
002001
002001
002001
002022
002005
002022
002022
002019
002019
002019
002019
002019
002019
002019
002019
002019
002019
002019
002019
002019
002019
002019
002022
002022
002022
002022
002022
002022
002022
002022
002022
002022
002022
002022
002022
002020
002020
002020
002020
002020
002020
002020
002020
002020
002020
002020
002013
002033
002019
002028
002001
002001
002001
002001
002001
002001
002001
002001
002001
002001
002001
002001
002001
002001
002001
002001
002001
002001
002001
002001
002001
002001
002001
002001
002001
002001
002001
002001
002001
002001
002001
002001
002001
002001
002001
002001
002001
002001
002001
002001
002001
002001
002001
002001
002001
002001
002001
002001
002001
002001
002001
002001
002001
002001
002001
002001
002001
002001
002001
002001
002001
002001
002001
002001
002001
002001
002001
002001
002001
002001
002001
002001
002001
002001
002001
002001
002001
002001
002001
002001
002001
002001
002001
002001
002001
002001
002001
002001
002001
002001
002001
002001
002001
002001
002001
002001
002001
002001
002001
002001
002001
002001
002001
002001
002001
002001
002001
002001
002001
002001
002001
002001
002001
002001
002001
002001
002001
002001
002001
002001
002001
002001
002001
002001
002001
002001
002001
002001
002001
002001
002001
002001
002001
002001
002001
002001
002001
002001
002001
002001
002001
002001
002001
002001
002001
002001
002001
002001
002001
002001
002001
002001
002001
002001
002001
002001
002001
002001
002001
002001
002001
002001
002001
002001
002001
002001
002001
002001
002001
002001
002001
002001
002001
002001
002001
002001
002001
002001
002001
002001
002001
002001
002001
002001
002001
002001
002001
002001
002001
002001
002001
002001
002001
002001
002001
002001
002001
002001
002001
002001
002001
002001
002001
002001
002001
002001
002001
002001
002001
002001
002001
002001
002001
002001
002001
002001
002001
002001
002001
002001
002001
002001
002001
002001
002001
002001
002001
002001
002001
002001
002001
002001
002001
002001
002001
002001
002001
002001
002001
002001
002001
002001
002001
002001
002001
002001
002001
002001
002001
002001
002001
002001
002001
002001
002001
002001
002001
002001
002001
002001
002001
002001
002001
002001
002001
002001
002001
002001
002001
002001
002001
002001
002001
002001
002001
002001
002001
002001
002001
002001
002001
002001
002001
002001
002001
002001
002001
002001
002001
002001
002001
002001
002001
002001
002001
002001
002001
002001
002001
002001
002001
002001
002001
002001
002001
002001
002001
002001
002001
002001
002001
002001
002001
002001
002001
002001
002001
002001
002001
002001
002001
002001
002001
002001
002001
002001
002001
002001
002001
002001
002001
002001
002001
002001
002001
002001
002001
002001
002001
002001
002001
002001
002001
002004
002034
002003
002003
002004
002029
002029
002022
002023
002019
002019
002001
002001
002001
002001
002001
002001
002001
002001
002001
002001
002001
002001
002001
002001
002001
002001
002001
002001
002001
002001
002001
002001
002001
002001
002001
002001
002001
002001
002001
002001
002001
002001
002001
002001
002001
002001
002001
002001
002001
002001
002001
002001
002001
002001
002001
002001
002001
002001
002001
002001
002001
002001
002001
002001
002001
002001
002001
002001
002001
002001
002001
002001
002001
002001
002001
002001
002001
002001
002001
002001
002001
002001
002001
002022
002001
002001
002001
002001
002022
002020
002023
002023
002023
002023
002022
002029
002029
002029
002029
002029
002029
002029
002029
002029
002029
002029
002029
002029
002029
002029
002029
002029
002029
002999
002999
002999
002999
002001
002001
002001
002004
002022
002022
002022
002022
002022
002022
002022
002022
002022
002022
002022
002999
002029
002029
002029
002001
002001
002001
002001
002010
002025
002025
002025
002025
002999
002009
002009
002009
002009
002001
002022
002999
002999
002999
002999
002999
002018
002004
002014
002020
002020
002020
002020
002020
002020
002020
002020
002020
002020
002020
002020
002020
002020
002020
002020
002020
002020
002020
002020
002020
002020
002020
002020
002020
002020
002020
002020
002020
002020
002020
002020
002020
002020
002020
002020
002020
002020
002020
002020
002020
002020
002020
002020
002020
002020
002020
002020
002020
002020
002020
002020
002020
002020
002020
002020
002020
002020
002020
002020
002020
002020
002020
002020
002020
002020
002020
002020
002020
002020
002020
002020
002020
002020
002020
002020
002020
002020
002020
002020
002020
002020
002020
002020
002020
002020
002020
002020
002020
002020
002020
002020
002020
002020
002020
002020
002020
002020
002020
002020
002020
002020
002020
002020
002020
002020
002020
002020
002020
002020
002020
002020
002020
002020
002020
002020
002020
002020
002020
002020
002020
002020
002020
002020
002020
002020
002020
002020
002020
002020
002020
002020
002020
002020
002020
002020
002020
002020
002020
002020
002020
002020
002020
002020
002020
002020
002020
002020
002020
002009
002010
002034
002021
002021
002021
002021
002021
002021
002021
002022
002022
002020
002001
002028
002022
002007
002007
002007
002007
002007
002007
002007
002007
002007
002007
002007
002007
002019
002019
002019
002019
002019
002019
002019
002019
002019
002019
002019
002019
002019
002019
002019
002019
002019
002019
002019
002019
002019
002019
002019
002019
002019
002019
002019
002019
002019
002019
002019
002019
002019
002019
002019
002019
002019
002019
002019
002019
002019
002019
002019
002019
002019
002019
002019
002019
002019
002019
002019
002019
002019
002019
002019
002019
002019
002019
002019
002019
002019
002019
002019
002019
002019
002019
002019
002019
002019
002019
002019
002019
002019
002019
002019
002019
002019
002019
002019
002019
002019
002019
002019
002019
002019
002019
002019
002019
002019
002019
002019
002019
002019
002019
002019
002019
002019
002019
002019
002019
002019
002019
002019
002019
002019
002019
002019
002019
002019
002019
002019
002019
002019
002019
002019
002019
002019
002019
002019
002019
002019
002019
002019
002019
002019
002019
002019
002019
002019
002019
002019
002019
002019
002019
002019
002019
002019
002019
002019
002019
002019
002019
002019
002019
002019
002019
002019
002019
002019
002019
002019
002019
002019
002019
002019
002019
002019
002019
002019
002019
002019
002019
002019
002019
002019
002019
002019
002019
002019
002019
002019
002019
002019
002019
002019
002019
002019
002019
002019
002019
002022
002027
002027
002027
002023
002001
002025
002034
002029
002029
002001
002022
002022
002022
002022
002022
002022
002022
002022
002022
002022
002022
002022
002022
002022
002022
002022
002022
002022
002022
002022
002022
002022
002022
002022
002022
002022
002022
002022
002022
002022
002022
002022
002022
002022
002022
002022
002022
002022
002022
002022
002022
002022
002022
002022
002022
002022
002022
002022
002022
002022
002022
002022
002022
002022
002022
002022
002022
002022
002022
002022
002022
002022
002022
002022
002022
002022
002022
002022
002022
002022
002022
002022
002022
002022
002022
002022
002022
002022
002022
002022
002022
002022
002022
002022
002022
002022
002022
002022
002022
002022
002022
002029
002037
002037
002037
002037
002037
002037
002037
002037
002037
002037
002012
002002
002002
002002
002004
002034
002034
002034
002034
002034
002034
002029
002999
002999
002999
002006
002999
002022
002028
002028
002028
002028
002028
002028
002028
002028
002023
002023
002023
002023
002023
002023
002023
002023
002023
002023
003001
003001
003001
003001
003001
003001
003001
003001
003001
003001
003001
003001
003001
003006
003006
003006
003010
003010
003010
003003
003003
003003
003010
003010
003010
003010
003010
003010
003010
003001
003999
003013
003999
003010
003010
003010
003010
003010
003010
003010
003010
003010
003010
003010
003010
003010
003010
003010
003010
003010
003010
003010
003010
003010
003010
003010
003010
003010
003010
003010
003010
003010
003010
003010
003010
003010
003010
003010
003010
003010
003010
003010
003010
003010
003010
003010
003010
003010
003010
003010
003010
003010
003010
003010
003010
003010
003010
003010
003010
003010
003010
003010
003010
003010
003010
003010
003010
003010
003010
003010
003010
003010
003010
003010
003010
003010
003999
003010
003010
003010
003008
003008
003008
003008
003008
003008
003008
003008
003008
003008
003999
003001
003001
003001
003001
003001
003001
003001
003001
003001
003001
003001
003001
003001
003001
003001
003001
003001
003001
003001
003001
003001
003001
003001
003001
003001
003008
003001
003001
003001
003001
003001
003001
003001
003001
003001
003001
003001
003001
003001
003001
003001
003001
003001
003001
003001
003001
003001
003001
003001
003001
003001
003001
003001
003001
003001
003001
003001
003001
003001
003001
003001
003001
003001
003001
003001
003001
003001
003001
003001
003001
003001
003001
003001
003001
003001
003001
003001
003001
003001
003001
003001
003001
003001
003001
003001
003001
003001
003001
003001
003001
003001
003001
003001
003001
003001
003001
003001
003001
003001
003001
003001
003001
003001
003001
003001
003001
003001
003001
003001
003001
003001
003001
003001
003001
003001
003001
003001
003001
003001
003001
003001
003001
003001
003001
003001
003001
003001
003001
003001
003001
003001
003001
003001
003001
003001
003001
003001
003001
003001
003001
003001
003001
003001
003001
003001
003001
003001
003001
003001
003001
003001
003001
003001
003001
003001
003001
003001
003001
003001
003001
003001
003001
003001
003001
003001
003001
003001
003001
003001
003001
003001
003001
003001
003001
003001
003001
003001
003001
003001
003001
003001
003001
003001
003001
003001
003001
003001
003001
003001
003001
003001
003001
003001
003001
003001
003001
003001
003001
003001
003001
003001
003001
003001
003001
003001
003001
003001
003001
003008
003002
003002
003010
003999
003999
003001
003008
003008
003008
003008
003008
003008
003008
003008
003008
003008
003008
003008
003008
003008
003008
003008
003008
003008
003008
003008
003008
003008
003008
003008
003999
003010
003010
003010
003010
003010
003010
003010
003010
003010
003010
003010
003010
003010
003010
003010
003010
003010
003010
003010
003010
003010
003010
003010
003010
003010
003999
003001
003001
003001
003001
003001
003001
003013
003013
003008
003008
003008
003008
003008
003008
003008
003008
003008
003008
003008
003008
003008
003008
003008
003008
003008
003008
003008
003008
003008
003008
003008
003008
003008
003008
003008
003008
003008
003008
003008
003008
003008
003008
003008
003008
003008
003008
003008
003008
003008
003008
003008
003008
003008
003008
003008
003008
003008
003008
003010
003009
003999
003999
003999
003999
003999
003999
003013
003999
003999
003999
003999
003999
003999
003003
003003
003004
003003
003008
003008
003008
003008
004001
004001
004001
004001
004001
004001
004001
004001
004002
004002
004002
004004
004001
004002
004002
004002
004002
004002
004002
004002
004002
004002
004002
004002
004002
004002
004002
004001
004001
004001
004001
004001
004001
004002
004002
004002
004999
004002
004002
004002
004004
004002
004002
004002
004002
004002
004002
004002
004002
004002
004002
004002
004002
004002
004002
004002
004002
004002
004002
004003
004003
004999
005001
005003
005003
005001
005001
005001
005001
005001
005001
005001
005001
005001
005001
005001
005001
005001
005001
005001
005001
005001
005001
005001
005001
005001
005001
005001
005001
005001
005001
005001
005001
005001
005001
005001
005001
005001
005001
005001
005001
005001
005001
005001
005001
005001
005001
005001
005001
005001
005001
005001
005999
005999
005001
005001
005001
005001
005001
005001
005001
005001
005001
005001
005001
005001
005001
005001
005001
005001
005001
005001
005001
005001
005001
005001
005001
005001
005001
006005
006005
006005
006005
006002
006002
006003
006003
006002
006999
006999
006999
006999
006999
006999
006999
006999
006999
006999
006999
006999
006999
006999
006999
006999
006999
006999
006999
006999
006999
006999
006999
006999
006999
006999
006999
006999
006999
006999
006999
006999
006999
006999
006999
006999
006999
006999
006999
006999
006999
006999
006999
006999
006999
006999
006999
006999
006999
006002
006999
006999
006999
006999
006999
006999
006999
006999
006999
006999
006999
006999
006999
006999
006999
006999
006999
006999
006999
006999
006999
006999
006999
006999
006999
006999
006999
006999
006999
006999
006999
006999
006999
006999
006999
006999
006999
006999
006999
006999
006999
006003
006002
006002
006002
006002
006002
006999
006999
006999
006999
006999
006999
006999
006999
006999
006999
006999
006999
006999
006999
006999
006002
006999
006999
006001
006999
006999
006999
006999
006999
006999
006999
006999
006999
006999
006999
006999
006999
006999
006005
006005
006005
006005
006005
006005
006005
006005
006999
006999
006999
006999
006999
006999
006999
006999
006999
006999
006002
006002
006002
006002
006002
006999
006999
006999
006999
006999
006999
006999
006999
006999
006999
006999
006999
006999
006999
006999
006999
006999
006999
006999
006999
006999
006999
006999
006999
006999
006999
006999
006999
006999
006002
006999
006999
006999
006002
006999
006999
006999
006999
006999
006999
006999
006999
006999
006999
006999
006999
006999
006999
006999
006999
006999
006999
006999
006999
006999
006999
006999
006999
006999
006999
006999
006999
006999
006999
006999
006999
006999
006999
006999
006999
006999
006999
006999
006999
006999
006999
006999
006999
006999
006999
006999
006999
006999
006999
006999
006999
006999
006999
006999
006999
006999
006999
006999
006999
006999
006999
006999
006999
006999
006003
006999
006999
006999
006999
007004
007004
007004
007004
007003
007006
007006
007003
007001
007002
007001
007002
007001
007001
007001
007001
007001
007001
007001
007001
007001
007001
007001
007001
007001
007001
007001
007001
007001
007001
007001
007001
007001
007001
007001
007001
007001
007001
007001
007001
007001
007001
007001
007001
007001
007001
007001
007001
007001
007001
007001
007001
007001
007001
007001
007001
007001
007001
007001
007001
007001
007001
007001
007001
007001
007001
007001
007001
007001
007001
007001
007001
007001
007001
007001
007001
007001
007001
007001
007001
007001
007001
007001
007001
007001
007001
007001
007001
007001
007001
007002
007006
007001
007001
007001
007001
007006
007001
007001
007001
007001
007001
007001
007001
007001
007002
007001
007001
007001
007001
007006
007001
007001
007001
007001
007001
007001
007001
007004
007001
007001
007004
007006
007006
007004
007004
007004
007001
007001
007001
007001
007001
007001
007001
007001
007001
007001
007001
007002
007002
007002
007002
007002
007002
007002
007001
007002
007001
007002
007004
007001
007004
007001
007001
007006
007001
007001
007001
007001
007006
007006
007004
007001
007001
007001
007002
007001
007001
007001
007001
007006
007001
007001
007001
007001
007002
007001
007002
007004
007001
007001
007001
007001
007001
007001
007001
007001
007004
007001
007002
007006
007006
007006
007006
007001
007004
007004
007004
007004
007001
007002
007001
007001
007002
007001
007001
007002
007001
007001
007002
007002
007002
007002
007002
007002
007002
007002
007002
007002
007002
007002
007002
007002
007002
007006
007001
007006
007001
007001
007001
007001
007001
007006
007006
007006
007006
007006
007006
007999
007006
007006
007006
007006
007004
007001
007001
007001
007001
007001
007001
007001
007001
007001
007001
007001
007001
007003
007005
007005
007999
007001
007001
007006
007999
007006
007001
007001
007001
007001
007001
007002
007006
007006
007006
007006
008001
008001
008001
008002
008002
008002
008002
008002
008002
008002
008002
008002
008002
008002
008002
008002
008002
008002
008002
008002
008002
008002
008002
008002
008002
008001
008002
008002
008002
008002
008002
008002
008002
008002
008002
008002
008002
008002
008002
008002
008002
008002
008002
008002
008002
008002
008002
008002
008002
008002
008002
008002
008002
008002
008002
008002
008002
008002
008002
008002
008002
008002
008002
008002
008002
008002
008002
008002
008002
008002
008002
008002
008002
008002
008002
008002
008002
008002
008002
008002
008002
008002
008002
008002
008002
008002
008002
008002
008002
008002
008002
008002
008002
008002
008002
008002
008002
008002
008002
008002
008002
008002
008002
008002
008002
008001
008001
008002
008002
008002
008002
008002
008002
008002
008002
008002
008002
008002
008002
008001
008001
008001
008001
008001
008001
008001
008001
008001
008001
008001
008001
008001
008001
008001
008001
008001
008001
008001
008001
008001
008001
008001
008001
008001
008001
008001
008001
008001
008001
008001
008001
008001
008001
008001
008001
008001
008001
008001
008001
008001
008001
008001
008001
008001
008001
008001
008001
008001
008001
008001
008001
008001
008001
008001
008001
008001
008001
008001
008001
008001
008001
008001
008001
008001
008001
008001
008001
008001
008001
008001
008001
008001
008001
009001
009001
009002
009002
009002
009001
009001
009004
009004
009004
009001
009001
009001
009999
009999
009999
009004
009001
009001
009004
009999
009999
009999
009002
009002
009004
009999
009999
009999
009999
009999
009999
009999
009999
009999
009999
009999
009999
009004
009999
009999
009004
009999
009999
009003
009003
009999
009999
009999
009999
009999
009999
009999
009999
009999
009999
009999
009999
009999
009999
009002
009002
009999
009999
009999
009999
009999
009999
009999
009999
009999
009999
009001
009001
009001
009001
009001
009999
009999
009999
009999
009999
009999
009999
009999
009999
009999
009999
009999
009999
009999
009999
009999
009999
009999
009999
009999
009999
009004
009999
009999
009999
009999
009999
009999
009999
009999
009999
009999
009999
009999
009999
009999
009999
009999
009999
009999
009999
009999
009999
009003
009003
009999
009999
009999
009999
009999
009999
009999
009999
009999
009999
009999
009999
009999
009999
009999
009999
009999
009999
009999
009999
009999
009999
009999
009999
009999
009999
009999
009999
009999
009999
009999
009999
009999
009999
009999
009999
009999
009999
009999
009999
009999
009999
009999
010001
010001
010001
010001
010001
010001
010001
010001
010001
010001
010001
010001
010001
010001
010001
010001
010001
010001
010002
010002
010003
010003
010003
010004
010004
010005
010005
010007
010007
010007
010007
010007
010007
010007
010007
010007
010007
010009
010009
010009
010009
010009
010009
010009
010009
010009
010009
010009
010009
010009
010009
010009
010009
010009
010009
010009
010009
010009
010009
010009
010009
010009
010009
010009
010009
010009
010009
010009
010009
010011
010011
010011
010011
010011
010011
010011
010011
010011
010011
010011
010011
010011
010011
010011
010005
010005
010005
010005
010005
010005
010005
010005
010005
010005
010005
010012
010012
010013
010013
010013
010014
010014
010014
010014
010014
010014
010014
010014
010014
010014
010011
010014
010014
010014
010014
010011
010011
010017
010015
010015
010015
010016
010016
010017
010017
010009
010005
010006
010014
010016
010016
010009
010006
010007
010005
010005
010005
010007
010007
010007
010007
010999
010999
010016
010022
010005
010005
010004
010004
010004
010004
010004
010004
010004
010004
010004
010004
010004
010004
010004
010004
010004
010004
010004
010004
010004
010004
010004
010004
010004
010004
010004
010004
010004
010004
010004
010004
010004
010015
010015
010015
010009
010009
010999
010009
010009
010009
010009
010009
010999
010007
010015
010015
010015
010015
010015
010015
010015
010015
010015
010015
010015
010015
010015
010015
010015
010015
010015
010015
010015
010015
010015
010015
010015
010015
010015
010015
010015
010015
010015
010015
010015
010015
010015
010015
010015
010015
010015
010015
010015
010015
010015
010015
010015
010015
010015
010015
010015
010015
010016
010016
010016
010016
010007
010007
010003
010003
010003
010003
010003
010003
010003
010003
010003
010003
010003
010003
010003
010003
010003
010003
010003
010003
010003
010003
010003
010003
010003
010003
010003
010003
010003
010003
010003
010003
010003
010003
010003
010003
010003
010003
010003
010003
010003
010003
010003
010003
010003
010009
010009
010009
010999
010009
010009
010009
010009
010009
010009
010009
010009
010009
010009
010999
010006
010006
010006
010006
010005
010005
010005
010005
010005
010005
010005
010005
010005
010005
010005
010005
010005
010005
010005
010005
010005
010005
010005
010005
010005
010005
010005
010005
010005
010005
010005
010005
010005
010006
010006
010006
010006
010006
010006
010006
010006
010006
010006
010006
010006
010006
010006
010006
010006
010006
010006
010006
010006
010006
010006
010006
010006
010006
010006
010006
010006
010008
010016
010010
010009
010999
010011
010011
010011
010011
010011
010011
010011
010011
010011
010011
010011
010011
010011
010011
010011
010011
010001
010001
010001
010001
010001
010001
010001
010001
010001
010001
010001
010001
010001
010001
010001
010001
010001
010001
010001
010001
010001
010001
010001
010001
010001
010001
010001
010001
010001
010001
010001
010001
010001
010001
010001
010001
010001
010001
010001
010001
010001
010001
010001
010001
010001
010001
010001
010001
010001
010001
010001
010001
010001
010001
010001
010001
010001
010001
010001
010001
010001
010001
010001
010001
010001
010001
010001
010001
010001
010001
010001
010001
010001
010001
010001
010001
010001
010001
010001
010001
010001
010001
010001
010001
010001
010001
010001
010001
010001
010001
010001
010001
010001
010001
010001
010001
010001
010001
010001
010001
010001
010001
010001
010001
010001
010005
010005
010010
010010
010009
010009
010010
010010
010009
010009
010010
010010
010009
010009
010009
010009
010009
010009
010009
010009
010009
010009
010010
010009
010009
010009
010009
010009
010009
010009
010010
010009
010009
010009
010009
010017
010011
010017
010007
010007
010007
010007
010007
010007
010007
010007
010007
010007
010007
010007
010007
010007
010007
010007
010007
010007
010007
010007
010007
010007
010007
010007
010007
010007
010007
010007
010007
010007
010007
010007
010007
010007
010007
010007
010007
010007
010007
010007
010007
010007
010007
010007
010007
010007
010007
010007
010007
010007
010007
010007
010007
010007
010007
010007
010007
010007
010007
010007
010007
010007
010007
010007
010007
010007
010007
010007
010007
010007
010007
010007
010007
010007
010007
010007
010007
010007
010007
010007
010007
010007
010007
010007
010007
010007
010007
010007
010007
010007
010007
010007
010007
010007
010007
010007
010007
010007
010007
010007
010007
010007
010007
010007
010007
010007
010007
010007
010007
010007
010007
010007
010007
010007
010007
010007
010007
010007
010007
010007
010007
010007
010007
010007
010007
010007
010007
010007
010007
010007
010007
010007
010007
010007
010007
010007
010007
010007
010007
010007
010007
010007
010007
010007
010007
010007
010007
010007
010007
010007
010007
010007
010007
010007
010007
010007
010007
010007
010007
010007
010007
010007
010007
010007
010007
010010
010010
010010
010010
010010
010999
010001
010009
010009
010022
010022
010002
010002
010002
010002
010002
010002
010002
010002
010014
010014
010014
010014
010014
010014
010014
010014
010014
010014
010014
010014
010014
010014
010014
010014
010014
010014
010014
010014
010014
010014
010014
010014
010014
010014
010014
010014
010014
010014
010014
010014
010014
010014
010014
010014
010014
010014
010014
010014
010014
010014
010014
010014
010014
010014
010014
010014
010014
010014
010014
010014
010014
010014
010014
010014
010014
010014
010014
010014
010014
010014
010014
010014
010014
010014
010014
010014
010014
010016
010009
010018
010017
010017
010009
010009
010007
010007
010007
010007
010007
010999
010007
010007
010999
010009
010016
010010
011007
011007
011003
011003
011003
011004
011004
011006
011006
011001
011001
011007
011006
011006
012018
012018
012018
012018
012018
011001
011001
011001
011001
012018
012018
012018
012018
011002
011002
011002
011002
011002
011002
011002
011002
011001
011002
011002
011002
011002
011002
011002
011999
010011
010011
010011
010011
010011
010011
010011
010011
010011
010011
010011
010011
010011
010011
010011
010011
010011
010011
010011
010011
010011
010011
010011
010011
010011
010011
010011
010011
010011
010011
010011
010011
010011
010011
010011
010011
010011
010011
010011
010011
010011
010011
010011
010011
010011
010011
010011
010011
010011
010011
010011
010011
010011
010011
010011
010011
010011
010011
010011
010011
010011
010011
010011
010011
010011
010011
010011
010011
010011
010011
010011
010011
010011
010011
010011
010011
010011
010011
010011
010011
010011
010011
010011
010011
010011
010011
010011
010011
010011
010011
011001
011001
011005
011999
011999
011999
011999
011999
011999
011999
011004
011006
011999
011007
011007
011007
011007
011007
011007
011007
011007
011007
011007
011999
012001
012001
012001
012001
012001
012001
012001
012001
012001
012001
012001
012001
012001
012001
012002
012002
012004
012017
012017
012018
012018
012001
012001
012019
012019
012016
012016
012001
012001
012001
012001
012001
012001
012001
012001
012001
012001
012001
012001
012019
012001
012001
012001
012001
012001
012001
012001
012001
012001
012001
012015
012001
012001
012001
012001
012001
012001
012026
012026
012026
012015
012003
012003
012003
012003
012003
012003
012003
012003
012003
012003
012003
012003
012003
012003
012003
012003
012003
012016
012016
012016
012016
012016
012009
012009
012010
012010
012010
012001
012001
012001
012001
012001
012001
012001
012001
012001
012001
012001
012001
012001
012001
012001
012001
012001
012001
012001
012001
012001
012001
012001
012001
012001
012005
012005
012005
012005
012005
012005
012005
012005
012005
012005
012005
012005
012005
012005
012005
012005
012005
012005
012005
012005
012005
012005
012005
012010
012010
012010
012010
012010
012010
012010
012010
012010
012010
012010
012010
012010
012010
012010
012010
012010
012010
012010
012010
012010
012999
012999
012999
012999
012010
012010
012010
012010
012010
012010
012010
012010
012010
012010
012010
012010
012010
012999
012025
012009
012009
012009
012009
012009
012009
012009
012009
012009
012009
012009
012009
012009
012008
012008
012008
012008
012008
012008
012010
012010
012010
012010
012010
012010
012010
012010
012010
012010
012010
012010
012010
012010
012010
012010
012001
012001
012001
012001
012001
012001
012001
012001
012001
012001
012001
012001
012001
012001
012001
012001
012001
012001
012001
012001
012001
012001
012001
012001
012001
012011
012017
012999
012018
012018
012018
012018
012006
012006
012006
012006
012006
012006
012010
012010
012010
012010
012010
012010
012010
012010
012010
012010
012010
012010
012010
012010
012010
012010
012010
012010
012010
012010
012010
012010
012010
012010
012010
012010
012010
012010
012010
012010
012010
012010
012010
012010
012010
012010
012010
012010
012010
012010
012010
012010
012010
012010
012010
012010
012004
012001
012001
012001
012001
012001
012001
012001
012001
012001
012001
012001
012002
012002
012002
012002
012002
012002
012002
012002
012002
012002
012002
012002
012002
012010
012010
012010
012010
012020
012020
012020
012020
012020
012020
012020
012020
012004
012004
012004
012004
012004
012004
012004
012004
012004
012018
012018
012018
012008
012008
012008
012008
012008
012008
012008
012008
012008
012008
012008
012008
012008
012008
012008
012008
012008
012008
012008
012008
012007
012007
012007
012007
012012
012012
012012
012012
012027
012027
012027
012027
012027
012027
012027
012027
012027
012027
012027
012027
012027
012027
012027
012027
012027
012027
012027
012027
012027
012027
012027
012027
012999
012015
012001
012001
012001
012004
012004
012004
012004
012004
012004
012004
012004
012004
012004
012004
012004
012004
012004
012004
012004
012004
012004
012004
012004
012004
012004
012024
012015
012016
012023
012023
012023
012023
012001
012001
012010
012010
012010
012010
012010
012010
012010
012010
012010
012010
012010
012010
012010
012010
012999
012999
012999
012001
012001
012001
012001
012001
012001
012001
012001
012001
012001
012001
012001
012001
012001
012001
012001
012001
012001
012001
012001
012001
012001
012001
012001
012001
012001
012001
012001
012001
012001
012001
012001
012001
012001
012001
012001
012001
012001
012001
012001
012001
012001
012001
012001
012001
012001
012001
012001
012001
012001
012001
012001
012001
012001
012001
012001
012001
012001
012001
012001
012001
012001
012001
012001
012001
012001
012001
012001
012001
012001
012001
012001
012001
012001
012001
012001
012001
012001
012001
012001
012001
012001
012001
012001
012001
012001
012001
012001
012001
012001
012001
012001
012001
012001
012001
012001
012001
012001
012001
012001
012001
012001
012001
012001
012001
012001
012001
012001
012001
012001
012001
012001
012001
012001
012001
012001
012001
012001
012001
012001
012001
012001
012001
012001
012001
012001
012001
012001
012001
012001
012001
012001
012001
012001
012001
012001
012001
012001
012001
012001
012001
012001
012001
012001
012001
012001
012001
012001
012001
012001
012001
012001
012001
012001
012001
012001
012001
012001
012001
012001
012001
012001
012001
012001
012001
012001
012001
012001
012001
012001
012001
012001
012001
012001
012001
012001
012001
012001
012001
012001
012001
012001
012001
012001
012001
012001
012001
012001
012001
012001
012001
012001
012001
012001
012001
012001
012001
012001
012001
012001
012001
012001
012001
012001
012001
012001
012001
012001
012001
012001
012001
012001
012002
012001
012001
012001
012001
012001
012001
012001
012001
012001
012001
012001
012001
012001
012001
012001
012001
012001
012001
012001
012001
012001
012001
012001
012001
012001
012001
012001
012001
012001
012001
012001
012001
012001
012001
012001
012001
012001
012001
012001
012001
012001
012001
012001
012001
012001
012001
012001
012001
012001
012001
012001
012001
012001
012001
012001
012001
012001
012001
012001
012001
012001
012001
012001
012001
012001
012001
012001
012001
012001
012001
012001
012001
012001
012001
012001
012001
012001
012001
012001
012001
012001
012001
012001
012001
012001
012001
012001
012001
012001
012001
012001
012001
012001
012001
012001
012001
012001
012001
012001
012001
012001
012001
012001
012001
012001
012001
012001
012001
012001
012001
012001
012001
012001
012001
012001
012001
012001
012001
012001
012001
012001
012001
012001
012001
012001
012001
012001
012001
012001
012001
012001
012001
012001
012001
012999
012025
012025
012025
012025
012025
012025
012025
012024
012024
012024
012024
012024
012024
012024
012024
012024
012024
012024
012024
012024
012013
013001
013001
013001
013001
013001
013001
013001
013002
013002
013003
013003
013003
013003
013003
013003
013003
013003
013004
013004
013005
013005
013005
013005
013005
013005
013005
013005
013005
013006
013006
013006
013006
013006
013006
013006
013006
013006
013006
013007
013007
013007
013007
013007
013007
013007
013007
013007
013007
013008
013008
013008
013008
013008
013008
013008
013008
013008
013004
013006
013006
013008
013008
013008
013006
013006
044024
044024
013008
013007
013006
013006
013006
013005
013007
013006
013006
013008
013005
013002
013007
013003
013006
013006
013006
013003
013003
013006
013006
013006
013006
013006
013002
013006
013006
013006
013007
013006
013006
013005
013005
013006
013007
013006
013007
013005
013008
013006
013011
013009
013009
013011
013001
013001
013001
013011
013011
013003
013007
013010
013006
013007
013006
013006
013006
013001
013006
013006
013006
013006
013006
013006
013006
013006
013006
013006
013006
013006
013001
013001
013006
013001
013001
013010
013001
013003
013009
013009
013009
013009
013009
013009
013009
013009
013009
013009
013009
013010
013010
013010
013006
013009
013009
013011
013006
013006
013006
013006
013006
013006
013008
013007
013007
013009
013009
013010
013010
013010
013999
013010
013010
013010
013009
013010
013006
013006
013006
013006
013006
013009
013009
013009
013008
013008
013006
013009
013006
013006
013003
013003
013006
013009
013009
013010
013006
013009
013003
013999
013011
013010
013009
013009
013009
013999
013006
013010
013009
013009
013009
013006
013006
013006
013009
013009
013009
013009
013009
013009
013008
013009
013999
013009
013009
013010
013009
013009
013009
013009
013009
013010
013999
013006
013006
013001
013006
013001
013001
013999
013999
013010
013006
013006
013010
013010
013009
013009
013009
013007
013005
013006
013001
013007
013009
013010
013010
013010
013010
013010
013009
013001
013010
013010
013010
013999
013009
013010
013009
013001
013008
013001
013006
013006
013009
013009
013009
013009
013009
013009
013009
013009
013009
013009
013009
013009
013009
013009
013009
013009
013006
013006
013006
013006
013009
013009
013010
013010
013010
013006
013010
013009
013009
013006
013001
013006
013006
013006
013009
013009
013009
013009
013009
013009
013009
013006
013003
013009
013009
013009
013009
013009
013009
013009
013009
013009
013009
013009
013006
013999
013006
013006
013009
013006
013006
013006
013002
013006
012001
013009
013010
013006
013009
013006
013006
013009
013010
013009
013009
013009
013009
013009
013009
013009
013009
013009
013009
013009
013009
013009
013009
013009
013009
013009
013009
013009
013009
013009
013009
013009
013009
013006
013006
013006
013009
013006
013010
013011
013011
013009
013009
013011
013006
013006
013006
013006
013006
013001
013006
013001
013006
013006
013001
013001
013001
013001
013001
013006
013001
013006
013001
013006
013006
013006
013009
014001
014001
014999
014999
014999
014999
014999
014999
014999
014999
014999
014999
014999
014999
014999
014999
014999
014999
014999
014002
014002
014999
014999
014999
014999
014999
014999
014999
014999
014003
014999
014999
014002
014999
014999
014999
014999
014999
014999
014999
014999
014999
014999
014999
014999
014999
014999
014999
014999
014999
014999
014999
014999
014999
014999
014999
014999
014999
014999
014999
014999
014999
014999
014999
014999
014999
014002
014999
015001
015001
015999
016001
016001
016003
016003
016999
016999
019002
019002
019003
019005
019003
019999
007999
019999
019003
019003
019003
019003
007999
019003
020002
020002
020003
020003
020004
020004
020999
020999
020999
020999
020999
020999
020999
020999
020999
020999
020999
020999
020999
020004
020004
020004
020004
020004
020004
020999
020004
020004
020999
020999
020999
020999
020999
020999
020999
020999
020999
020999
020999
020999
020999
020999
020003
020003
020003
020003
020003
020003
020003
020003
020003
020003
020003
020003
020003
020003
020003
020003
020003
020003
020999
020999
020003
020003
020003
020003
020003
020003
020003
020003
020003
020003
020003
020003
020003
020003
020003
020003
020003
020003
020003
020003
020003
020003
020003
020999
020999
020999
020999
020999
020999
020999
020999
020999
020999
020999
020999
020999
020999
020999
020999
020999
020999
020999
020999
020999
020999
020999
020004
020999
020999
020999
020999
020999
020999
020999
020999
020999
020999
020999
020999
020999
020999
020999
020999
020999
020999
020999
020999
020999
020999
020999
020999
020999
020999
020999
020999
020999
020999
020999
020999
020999
020999
020999
020999
020999
020999
020999
020999
020999
020999
020999
020999
020999
020999
020999
020999
020999
020999
020999
020999
020999
020999
020999
020999
020999
020999
020999
020999
020999
020999
020999
020999
020999
020999
020999
020999
020999
020999
020999
020999
020999
020999
020999
020999
020999
020999
020999
020999
020999
011007
020999
020999
020999
021001
021001
021999
022001
022001
022002
022002
022005
022005
022999
022999
022003
023004
023004
023002
023002
023003
023003
023002
023003
023003
023008
023009
023002
023001
023006
023011
023006
023012
023011
023011
023011
023999
023999
023999
023011
023003
023009
023999
044005
023002
023002
023002
023002
023002
023002
023002
023999
023009
023009
023009
023009
023009
023009
023009
023009
023009
023004
023999
023011
023012
023003
023006
023006
023003
023003
023999
023011
023999
023999
023999
023006
023001
023001
023001
023001
023011
023999
023999
023003
023003
023003
023009
023007
023007
023007
023007
023009
023009
023009
023009
023009
023008
023008
023008
023003
023003
023003
023003
023003
023003
023003
023003
023003
023003
023003
023003
023003
023003
023001
023001
023001
023001
023001
023009
023009
023009
023009
023009
023006
023002
023002
023002
023011
023001
023003
023003
023999
023999
023007
023013
023013
023013
023013
023999
023011
023012
023006
023006
023006
023006
023006
023006
023006
023006
023006
023007
023003
023001
023002
023002
023003
023002
023002
023003
023009
023003
023005
023005
023007
023007
023007
023003
024013
024013
024013
024013
024001
024001
024001
024001
024001
024001
024001
024001
024013
044024
024001
024001
024001
024001
024001
024001
024001
024013
024999
024013
024013
024004
024005
024005
044024
024999
024999
024999
024006
024006
024006
024006
024008
024006
024006
024007
024008
024008
024008
044024
044024
044024
044024
024013
024013
024013
024013
024013
024013
024013
024013
024013
024013
024013
024014
024014
024014
024013
024013
024013
024999
024999
024999
024999
024999
024999
024999
024999
024999
024999
024999
024999
024010
024012
024013
024013
024013
024013
024013
024015
024004
024004
024999
024999
024004
024004
024999
024999
024999
024017
044024
044024
024013
024999
024999
024005
024005
024005
024005
024005
024005
024005
024005
024005
024005
024005
024005
044024
024002
024002
044024
024002
024022
024999
024999
024027
024027
024999
024004
024004
024004
024004
024004
024004
024004
024004
024004
024004
024004
024004
024004
024999
024008
024008
024027
024005
024005
024005
024005
024019
024001
024001
024001
024001
024001
024001
024001
024001
024001
024001
025003
025003
025007
025007
025003
025001
025001
025001
025001
025001
025001
025001
025001
025003
025007
025001
025001
025001
025001
025008
025008
025001
025003
025008
025008
026001
026001
026001
026001
026001
026001
026001
026001
026001
026001
026001
026002
026002
026001
026001
027005
027001
027001
027001
027001
027006
027005
027005
027005
027006
027006
027002
027002
027002
028003
028003
028013
028013
028012
028012
028012
028012
028012
028014
028014
028002
028002
028002
028002
028002
028002
044034
028002
028016
028016
028016
028016
028016
028016
028016
028003
028002
028002
028016
028016
028016
028016
028016
028016
028016
028016
028016
028016
028016
028012
028012
028012
028014
028002
028016
028016
028016
028016
028012
028012
028012
028002
028002
028005
028003
028005
028006
028005
028002
028007
028007
028011
028011
028011
028006
028011
028012
028011
028011
028011
028007
028002
028007
028007
028007
028006
028007
028002
028016
028006
028999
028002
028002
028002
028002
028002
028002
028012
028012
028006
028006
028005
028016
028016
028016
028016
028016
028016
028016
028002
028002
028016
028016
028009
028009
028015
028012
028012
028012
028001
028006
028006
028015
028999
028012
028018
028018
028018
028018
028018
028018
028018
028018
028018
028018
028018
028018
028018
028999
028999
028999
028999
028999
028999
028012
028012
028018
028018
028018
028018
028018
028010
028013
028013
028013
028013
028013
028013
028013
028013
028013
028013
028013
028013
028013
028013
028013
028013
028013
028013
028013
028013
028013
028013
028013
028013
028013
028013
028013
028013
028013
028013
028013
028010
028011
028011
028011
028011
028011
028011
028011
028011
028011
028011
028011
028011
028011
028015
028999
028999
028999
028005
028005
028005
028005
028015
028015
028015
028015
044034
044034
044034
044034
044034
044034
028999
028999
028999
028001
028001
028002
028003
028003
028003
028003
028016
028003
028002
028002
028002
028002
028002
028002
028002
028017
028017
028017
028002
028002
028002
028002
028016
028999
028999
028012
028012
028012
028012
028012
028012
028012
028012
028012
028012
028012
028012
028002
028016
028002
028002
028002
028002
028002
028002
028002
028002
028002
028002
028002
028002
028002
028015
028015
028015
028015
028017
028017
028017
028017
028018
028006
028006
028999
028016
028016
028016
028016
028016
028016
028016
028016
028016
028016
028016
028016
028016
028016
028016
028016
028016
028016
028016
028016
028016
028016
028016
028016
028016
028016
028016
028016
028016
028016
028016
028016
028016
028016
028016
028016
028016
028016
028016
028016
028016
028016
028016
028016
028016
028016
028016
028016
028016
028016
028016
028016
028016
028016
028016
028016
028016
028016
028016
028016
028016
028016
028016
028016
028016
028016
028016
028016
028016
028016
028016
028016
028016
028016
028999
028999
028999
028999
028999
028999
028999
028018
028007
029001
029001
029004
029004
029001
029001
029001
029001
029001
029002
029005
029001
029999
029004
029004
030001
030999
030999
030999
030999
030001
030001
030001
030999
030999
030003
030003
030001
030999
030999
030999
030003
030001
030003
030003
030001
030003
030001
031004
031999
031999
031006
032005
032003
032005
032005
032005
044025
032005
032004
032003
032004
032003
032001
032001
032004
032003
032005
032005
032001
032003
032003
032003
032005
032004
032001
032004
032005
032005
032005
032002
032003
032005
032005
032005
032003
032003
032003
032003
032004
033008
033008
033008
033008
033008
033008
033008
033008
033008
033008
033008
033008
033008
033008
033008
033008
033008
033008
033999
033003
033008
033008
033008
033008
033008
033008
033008
033008
033008
033008
033008
033008
033008
033008
033008
033008
033008
033008
033008
033008
033002
033001
033003
033003
033003
034010
034010
034010
034010
034010
034010
034002
034002
034010
034010
034009
034002
034002
034003
034006
034005
034002
034005
034007
034009
034008
034009
034007
034005
034010
034009
034010
034010
034010
034010
034010
034002
034002
034002
034002
034002
034002
034002
034010
034005
034010
034007
034002
034010
035003
035003
035003
035002
035002
035003
035003
035999
035003
035003
035004
035003
035003
035003
035003
035003
035003
044024
035003
035004
035004
035004
035003
035003
035002
035003
035003
035003
035003
035003
035003
035002
035002
035999
035003
035003
035003
035003
035003
035003
035003
035002
035003
035003
035999
035003
035002
036001
036999
036008
036007
036009
036009
036009
036010
036010
036010
036010
036010
036009
036010
036002
036010
036010
036010
036008
036010
036010
036010
036010
036008
036008
036008
036008
036008
036010
036010
036001
036010
036010
036010
036010
036008
036008
036010
036010
036008
036008
036008
036010
036003
036003
036010
036010
036010
036010
036010
036010
036008
036010
036010
036008
036010
036010
036010
036010
036010
030999
030999
030999
030999
036010
036002
036002
036002
036002
036008
036008
036008
036010
036010
036010
036010
036010
036010
036010
036010
036001
036001
036001
036001
036001
036001
036001
036001
036001
036001
036001
036001
036001
036001
036001
036001
036001
036001
036001
036001
036001
036001
036001
036001
036001
036001
036001
036001
036001
036001
036002
036001
036001
036001
036001
036001
036001
036001
036001
036001
036001
036001
036001
036001
036001
036001
036001
036001
036001
036001
036001
036001
036001
036001
036001
036008
036001
036003
036001
036008
036008
036001
036008
036007
036008
036008
036008
036008
036008
036008
036001
036008
036001
036001
036002
036001
036008
036001
036001
036008
036008
036001
036008
036008
036008
036008
036001
036008
036008
036008
036008
036008
036001
036008
036008
036008
036008
036004
036008
036001
036001
036008
036008
036005
036008
036002
036008
036008
036010
036001
036001
036010
036008
036008
036001
036001
036001
036001
036001
036007
036007
036999
036010
036010
036010
036010
036010
036008
036008
036008
036008
036008
036002
036008
036999
036999
036007
036007
036010
036010
036010
036010
036010
036002
036008
036010
036999
036999
036008
036010
036010
036010
036010
036010
036008
036010
036010
036010
036010
036010
036001
036001
036008
036002
036008
036008
036008
036008
036008
036008
036008
036010
036001
036001
036010
036999
036999
036999
036999
036999
036999
036999
036999
036999
036999
036999
036999
036999
036999
036999
036999
036999
036999
036999
036999
036999
036999
036999
036999
036999
036999
036999
036999
036999
036999
036999
036999
036999
036999
036999
036999
036999
036999
036008
036010
036008
036008
036008
036008
036010
036010
036010
037001
037002
037003
037002
037999
037004
037003
037001
037999
038001
038001
038001
038001
038001
038001
038001
038001
038001
038001
038001
038001
038001
038001
038001
038001
038001
038001
038001
038001
038001
038001
038001
038001
038001
038001
038001
038001
038001
038001
038001
038001
038006
038001
038001
038001
038001
038001
038001
038001
038001
038001
038001
038001
038001
038001
038001
038001
038001
038001
038001
038001
038001
038001
038001
038001
038001
038001
038001
038001
038001
038001
038001
038004
038001
038001
038001
038001
038006
038006
038006
038006
038006
038006
038006
038006
038006
038006
038006
038006
038006
038006
038001
039001
039002
039003
039001
039999
039999
039999
039999
039999
039999
039999
039999
039999
039999
039001
039999
039999
039999
039999
039999
039002
039999
039999
039999
039999
039999
039999
039001
039002
039002
039002
039999
039999
039999
039999
039003
040001
041001
041001
041002
041001
041001
041001
041001
041001
041001
041001
041001
041001
041001
041001
042002
042001
042002
042003
042004
042005
042005
042005
043002
043003
044001
044002
044003
044004
044005
044006
044007
044008
044009
044010
044012
044013
044014
044015
044016
044018
044019
044020
044021
044022
044023
044026
044027
044028
044032
044033
044001
044002
044003
044004
044005
044006
044007
044008
044009
044010
044012
044013
044014
044015
044016
044018
044019
044020
044021
044022
044023
044024
044025
044026
044027
044028
044030
044031
044032
044033
044016
044016
044025
044025
044022
044009
044009
044009
044021
044022
044021
044022
044009
044003
044030
044003
044014
044031
044031
044031
044003
044009
044009
044009
044021
044022
044020
044031
044006
044025
044002
044002
044009
044009
044031
044031
044031
044031
044031
044031
044031
044031
044031
044031
044001
044031
044031
044031
044025
044025
044025
044025
044026
044026
044026
044031
044009
044009
044032
044031
044031
044009
044009
044019
044019
044019
044022
044022
044001
044031
044031
044011
044011
044011
044011
044011
044011
044011
044011
044011
044011
044010
044010
044010
044010
044010
044010
032005
032005
032005
044024
044034
044999
044031
044031
044031
044009
044009
044009
044009
044009
044009
044009
044009
044009
044009
044009
044009
044020
044031
044031
044031
044031
044031
044031
044031
044031
044031
044034
044034
044034
044034
044034
044034
044034
044034
044009
044009
044006
044015
044015
044016
044016
044030
044030
044030
044030
044030
044016
044017
044017
044016
044017
044017
044017
044016
044016
044016
044016
044017
044017
044017
044017
044017
044017
044017
044017
044017
044017
044017
044017
044017
044017
044017
044017
044017
044019
044019
044019
044019
044019
044018
044018
044018
044018
044019
044018
044018
044016
044022
044022
044031
044034
044031
044031
044031
044031
044031
044031
044031
044031
044031
044031
044031
044031
044031
044031
044031
044031
044031
044031
044031
044031
044031
044031
044031
044031
044031
044031
044031
044031
044031
044031
044031
044031
044031
044031
044031
044031
044031
044031
044031
044031
044031
044031
044031
044031
044031
044031
044031
044031
044031
044031
044031
044031
044031
044031
044031
044031
044031
044031
044031
044004
044004
044010
044009
044009
044009
044031
044001
044001
044021
044024
044024
044024
044024
044031
044031
044031
044031
044023
044023
044023
044023
044023
044023
044030
044029
044030
044008
044008
044008
044008
044008
044008
044008
044008
044008
044001
030999
030999
044020
044031
044031
044031
044009
044020
044007
044007
044007
044007
044007
044007
044007
044007
044006
044006
044006
044006
044006
044006
044005
044005
044005
044005
044001
044001
044031
044002
044002
044002
044002
044002
044002
044002
044002
044002
044002
044002
044002
044002
044002
044002
044002
044002
044002
044001
044001
044001
044001
044001
044001
044017
044034
044034
044034
044009
044009
044009
044009
044009
044009
044009
044009
044009
044009
044009
044009
044009
044009
044009
044009
044009
044009
044009
044009
044009
044009
044009
044009
044009
044009
044009
044009
044009
044009
044009
044009
044009
044009
044009
044009
044009
044009
044009
044009
044006
044006
044014
044014
044014
044004
044006
044006
044006
044006
044019
044001
044001
044007
044007
044007
044007
044007
044007
044007
044004
044004
044007
044007
044004
044031
044031
044009
044009
044009
044009
044001
044001
044001
044001
044001
044001
044001
044001
044001
044001
044001
044001
044001
044001
044001
044001
044001
044001
044001
044001
044001
044001
044001
044001
044001
044001
044001
044001
044001
044001
044001
044001
044001
044001
044001
044001
044001
044001
044001
044001
044001
044001
044001
044001
044001
044001
044001
044001
044001
044001
044001
044001
044001
044001
044001
044001
044001
044001
044001
044001
044001
044001
044001
044001
044001
044001
044001
044001
044001
044001
044001
044001
044001
044001
044001
044001
044001
044001
044001
044001
044001
044001
044001
044001
044001
044001
044001
044001
044001
044001
044001
044001
044001
044001
044001
044001
044001
044001
044001
044001
044001
044001
044001
044001
044001
044001
044001
044001
044001
044001
044001
044001
044001
044001
044001
044001
044001
044001
044001
044001
044001
044001
044001
044001
044001
044001
044001
044001
044001
044001
044001
044001
044001
044001
044001
044001
044001
044001
044001
044001
044001
044001
044001
044001
044001
044001
044001
044001
044001
044001
044001
044001
044001
044001
044001
044001
044001
044001
044001
044001
044001
044001
044001
044001
044001
044001
044001
044001
044001
044001
044001
044001
044001
044001
044001
044001
044001
044001
044001
044001
044001
044001
044001
044001
044001
044001
044001
044001
044001
044001
044001
044001
044001
044001
044001
044001
044001
044001
044001
044001
044001
044001
044001
044001
044001
044001
044001
044001
044001
044001
044001
044001
044001
044001
044001
044001
044001
044001
044001
044001
044001
044001
044001
044001
044001
044001
044001
044001
044001
044001
044001
044001
044001
044001
044001
044001
044001
044001
044001
044001
044001
044001
044001
044001
044001
044001
044001
044001
044001
044001
044001
044001
044001
044001
044001
044001
044001
044001
044001
044028
044028
044028
044026
044001
044001
044001
044031
044031
044031
044031
044001
044001
044001
044001
044001
044001
044034
044034
044034
044034
044034
044034
044034
044034
044034
044034
044034
044034
044034
044034
044034
044034
044034
044034
044034
044034
044034
044034
044034
044034
044015
044004
044004
044004
044004
044004
044004
044004
044029
044029
044004
044029
044029
044029
044029
044029
044029
044029
044029
044029
044029
044029
044028
044029
044029
044016
044034
044004
044009
044009
044031
044034
044014
044031
044034
044034
044034
044034
044020
044020
044031
044031
044031
044031
044031
044031
044031
044031
044031
044031
044030
044030
044031
044030
044030
044031
044031
044031
044030
044030
044030
044031
044031
044006
044006
044006
044006
044001
044001
044001
044001
044001
044001
044001
044001
044001
044025
044002
044001
044001
044001
044001
044001
044001
044001
044001
044001
044020
044020
044031
044031
044031
044031
044031
044020
044020
044032
044020
044034
044034
044034
044034
044034
044004
044004
044004
044004
044004
044004
044004
044004
044004
044034
044034
044034
044034
044034
044015
044015
044001
044007
044007
044004
044004
044004
044004
044004
044004
044004
044004
044004
044004
044004
044007
044027
044027
044027
044004
044010
044010
044010
044010
044010
044010
044010
044010
044010
044010
044010
044010
044010
044010
044010
044010
044025
044001
044001
044001
044025
044025
044031
044031
044031
044031
044031
044031
044009
044009
044009
044009
044009
044009
044009
044009
044009
044009
044009
044009
044009
044009
044009
044009
044031
044031
044006
044006
044006
044006
044006
044006
044006
044006
044006
044006
044006
044006
044006
044006
044006
044006
044006
044006
044006
044006
044006
044006
044006
044006
044006
044006
044006
044006
044006
044006
044006
044006
044006
044004
044004
044004
044004
044017
044017
044017
044025
044030
044030
044029
044029
044030
044030
044030
044030
044031
044016
044009
044011
044011
044011
044011
044011
044015
044015
044015
044015
044017
044017
044017
044017
044017
044017
044017
044017
044017
044017
044017
044017
044017
044017
044017
044017
044031
044008
044008
044008
044008
044008
044008
044007
044007
044007
044007
044007
044007
044007
044006
044006
044006
044006
044006
044006
044006
044006
044006
044006
044006
044006
044006
044006
044006
044006
044006
044006
044006
044006
044006
044006
044006
044006
044006
044006
044006
044006
044006
044006
044006
044006
044006
044006
044006
044006
044006
044006
044006
044006
044006
044006
044006
044006
044006
044006
044006
044006
044006
044006
044006
044006
044006
044006
044006
044006
044006
044006
044006
044006
044006
044006
044006
044006
044006
044006
044006
044006
044006
044006
044006
044006
044006
044006
044006
044006
044006
044006
044006
044006
044006
044006
044006
044006
044006
044006
044006
044006
044006
044006
044006
044006
044006
044006
044006
044006
044006
044006
044006
044006
044006
044006
044006
044006
044006
044006
044006
044006
044006
044006
044006
044006
044006
044006
044006
044006
044006
044006
044006
044006
044006
044006
044006
044006
044006
044006
044006
044006
044006
044006
044006
044006
044006
044006
044006
044006
044006
044006
044006
044006
044006
044006
044006
044006
044006
044006
044006
044006
044006
044006
044006
044006
044006
044006
044006
044006
044006
044006
044006
044006
044006
044006
044006
044006
044006
044006
044006
044006
044006
044006
044006
044006
044006
044006
044006
044006
044006
044006
044006
044006
044004
044004
044004
044004
044004
044004
044004
044004
044004
044004
044004
044004
044004
044004
044004
044004
044004
044004
044004
044004
044004
044004
044004
044004
044004
044004
044004
044004
044004
044004
044004
044004
044004
044004
044004
044004
044004
044004
044004
044004
044004
044004
044004
044004
044004
044004
044004
044004
044004
044004
044004
044004
044004
044004
044004
044004
044004
044004
044004
044004
044004
044004
044004
044004
044004
044004
044004
044004
044004
044004
044004
044004
044004
044004
044004
044004
044004
044004
044004
044004
044004
044004
044004
044004
044004
044004
044004
044004
044004
044004
044004
044004
044004
044004
044004
044004
044004
044004
044004
044004
044004
044004
044004
044004
044004
044004
044004
044004
044004
044004
044004
044004
044004
044004
044004
044004
044004
044004
044004
044004
044004
044004
044004
044004
044004
044004
044004
044004
044004
044004
044004
044004
044004
044004
044004
044004
044004
044004
044004
044004
044004
044004
044004
044004
044004
044004
044004
044004
044004
044004
044004
044004
044004
044004
044004
044004
044004
044004
044004
044004
044004
044004
044004
044004
044004
044004
044004
044004
044004
044004
044004
044004
044004
044004
044004
044004
044004
044004
044004
044004
044004
044004
044004
044004
044004
044004
044004
044004
044004
044004
044004
044004
044004
044004
044004
044004
044004
044004
044004
044004
044004
044004
044004
044004
044004
044004
044004
044004
044004
044004
044004
044004
044004
044004
044004
044004
044004
044004
044004
044004
044004
044004
044004
044004
044004
044004
044004
044004
044004
044004
044004
044004
044004
044004
044004
044004
044004
044004
044004
044004
044004
044004
044004
044004
044004
044004
044004
044004
044004
044004
044004
044004
044004
044004
044004
044004
044004
044004
044004
044004
044004
044004
044004
044004
044004
044004
044004
044004
044004
044004
044004
044004
044004
044004
044004
044004
044004
044004
044004
044004
044004
044004
044004
044004
044004
044004
044004
044004
044004
044004
044004
044004
044004
044004
044004
044004
044004
044004
044004
044004
044004
044004
044004
044004
044004
044004
044004
044004
044004
044004
044004
044004
044004
044004
044004
044004
044004
044004
044004
044009
044009
044009
044009
044009
044009
044009
044009
044009
044009
044009
044009
044009
044009
044009
044009
044009
044009
044015
044015
044006
044006
044006
044006
044015
044015
044017
044017
044017
044001
044001
044031
044031
044031
044031
044031
044031
044031
044031
044031
044018
044031
044031
044009
044009
044009
044009
044009
044009
044009
044009
044009
044009
044009
044009
044009
044009
044009
044009
044009
044009
044009
044009
044009
044009
044009
044009
044009
044009
044009
044009
044009
044009
044009
044001
044003
044003
044003
044029
044029
044029
044029
044021
044031
044031
044031
044009
044009
044009
044009
044009
044009
044009
044009
044009
044009
044009
044009
044009
044009
044009
044001
044004
044004
044004
044004
044004
044004
044034
044014
044014
044022
044022
044022
044022
044022
044022
044022
044022
044022
044001
044031
044029
044029
044035
044017
044006
044006
044006
044006
044006
044006
044004
044009
044009
044009
044009
044006
025001
044021
044031
045001
045003
045004
045001
045002
045003
045004
045003
045003
045003
045002
045003
045001
045001
045001
045003
045004
045003
046001
046002
046004
046001
046002
046004
046001
046001
046001
046001
046003
046003
046003
046003
046001
046003
046001
046001
046001
046002
046003
046001
046003
046002
046002
046002
046002
046002
046002
046002
046002
046003
046003
046003
046001
044026
044026
046003
046003
046001
046002
046002
046003
046003
046003
046001
046002
046003
046003
046003
046001
046003
046001
046002
046003
046003
046001
046003
046003
046003
046003
046001
046003
046003
046002
046003
046003
046001
046001
046003
046002
046002
046002
046003
046003
046003
046001
046003
046001
046003
046001
046003
046001
046003
046003
046003
046001
046003
046003
046001
046003
046002
046003
046002
046999
046003
046003
046001
046002
046003
046001
046002
046002
046003
046001
046003
046001
046003
046003
046003
046003
046003
046003
044024
044024
046001
046001
046001
046003
046003
046003
046003
046003
046003
046003
046003
046001
046002
046002
046002
046004
046003
046001
046004
046003
046001
046003
046001
046003
046003
046003
046003
046003
046001
046003
046003
046001
046003
046001
046003
046001
046003
046001
046001
046001
046001
046001
046001
046004
046002
046002
046002
046002
046002
046003
046003
046003
046001
046003
046001
046003
046001
046003
046003
046001
046003
046003
046002
046003
046003
046003
046001
046003
046003
046001
046003
046003
046003
046001
046003
046001
046001
046001
046002
046003
046001
046002
046002
046002
046002
046003
046001
047001
047001
047001
047002
047003
047004
047001
047006
047006
047006
047001
047006
047006
047006
047006
047003
047003
047003
047003
047003
047999
047001
047001
047005
047006
047006
047006
047006
047006
047006
047006
047006
047006
047006
047006
047006
047006
047002
047002
047002
049006
047005
047001
047001
048001
048002
048003
048001
048002
048003
048001
049007
049007
049008
049009
049001
049003
049004
049004
049008
049009
049005
049006
049005
049006
049007
049010
049008
049003
049006
049999
049007
049007
049999
049005
049005
049007
049007
049007
049007
049007
049007
049007
049007
049007
049002
049007
049007
049007
049999
049007
049007
049004
049007
049007
049005
049003
049003
049002
049002
049006
049006
049006
049006
049007
049007
049007
049999
050001
050001
050003
052001
052001
052002
052002
052003
052003
052004
052004
052005
052005
052006
052006
052007
052007
052008
052008
052009
052009
052013
052013
053001
053001
053002
053003
053003
053004
053004
053005
053005
053005
053005
053006
053006
053006
053006
053006
053006
053007
053007
053008
053008
053009
053009
053010
053010
053011
053011
053012
053012
053013
053013
011002
011002
053015
053015
053015
053015
053015
053015
053016
053016
053017
053017
053018
053018
053019
053019
053020
053021
053021
053022
053022
053041
053009
053007
053007
053007
053007
053008
053019
053019
053019
053019
053019
053019
053019
053019
053019
053019
053019
053019
053019
053019
053019
053019
053019
053019
053019
053019
053019
053019
053019
053019
053019
053019
053019
053001
053001
053001
053001
053001
053001
053001
053001
053001
053001
053001
053001
053001
053001
053001
053036
053036
053025
053025
053025
053025
053025
053025
053028
053028
053028
053028
053028
053028
053028
053028
053028
053028
053018
053018
053018
053016
053016
053016
053016
053016
053016
053021
053021
053021
053021
053021
053021
053021
053021
053021
053021
053021
053021
053021
053021
053021
053021
053021
053021
053030
053030
053030
053030
053030
053030
053030
053030
053030
053030
053017
053017
053026
053026
053026
053026
053026
053026
053026
053026
053029
053029
053029
053029
053029
053029
053039
053034
053033
053033
053033
053033
053033
053033
053033
053033
053033
053033
053035
053031
053031
053031
053031
053031
053031
053031
053038
053038
053038
053038
053038
053038
053037
053037
053037
053037
053037
053037
053037
053037
053037
053037
053006
053022
054008
054009
054002
054999
054009
054008
054005
054002
054005
054005
054005
054005
054006
054006
054006
054006
054005
054003
054006
054005
054005
054005
054005
054005
054005
054005
054005
054999
054999
054999
054999
054006
054006
054006
054006
054006
054006
054006
054006
054009
054009
054999
054001
054014
054004
054012
054012
054005
054005
054005
054005
054005
054005
054005
054005
054005
054005
054005
054012
054012
054012
054012
054001
054001
054001
054001
054001
054001
054001
054001
054001
054001
054001
054001
054001
054001
054001
054001
054001
054001
054001
054001
054005
054999
054005
054006
054012
054012
054012
054999
054999
054008
054012
054012
054005
054004
054999
054999
054004
054004
054005
054005
054005
054009
054009
054009
054003
054008
054008
054008
054005
054005
054999
054008
054008
054008
054008
054008
054008
054008
054008
054008
054008
054008
054008
054008
054008
054999
054001
054010
054012
054008
054012
054008
054012
054011
054011
054012
054001
054001
054001
054001
054001
054001
054001
054001
054001
054001
054001
054001
054001
054001
054001
054013
054011
054009
054012
054012
054008
054999
054008
054008
054009
054010
054011
054012
054009
054009
054009
054008
054008
054008
054008
054008
054008
054008
054008
054008
054008
054008
054008
054008
054008
054008
054999
054008
054005
054005
054009
054009
054009
054009
054009
054009
054011
054999
054008
054008
054008
054009
054005
054005
054005
054009
054013
054002
054002
054999
054999
054999
054999
054999
054011
054008
054002
054005
054008
054008
054008
054005
054005
054005
054013
054999
054008
054008
054999
054008
054999
054999
054004
054999
054004
054012
054008
054008
054008
054008
054008
044024
054008
054008
054008
054008
054008
054008
054008
054008
054008
054008
054008
054008
054008
054008
054008
054008
054008
054008
054008
054008
054008
054008
054008
054008
054008
054008
054008
054008
054008
054008
054008
054008
054008
054008
054008
054008
054008
054008
054008
054008
054008
054008
054008
054008
054008
054008
054008
054008
054008
054008
054008
054008
054008
054008
054008
054008
054008
054008
054008
054008
054008
054008
054008
054008
054008
054008
054008
054008
054008
054008
054008
054008
054008
054008
054008
054008
054008
054008
054008
054008
054008
054008
054008
054008
054008
054008
054008
054008
054008
054008
054008
054008
054008
054008
054008
054008
054008
054008
054008
054008
054008
054008
054008
054008
054008
054008
054008
054008
054008
054008
054008
054008
054008
054008
054008
054008
054008
054008
054008
054008
054008
054008
054008
054008
054008
054008
054008
054008
054008
054008
054008
054008
054008
054008
054008
054008
054008
054008
054008
054008
054008
054008
054008
054008
054008
054008
054008
054008
054008
054008
054008
054008
054008
054008
054008
054008
054008
054008
054004
054003
054003
054002
054005
054009
054010
054008
054006
054006
054006
054006
054006
054006
054006
054006
054006
054006
054006
054006
054006
054006
054006
044031
044031
054011
054008
054006
054006
054006
054006
054006
054006
054006
054006
054006
054006
054006
054006
054006
054006
054006
054006
054006
054006
054006
054006
054006
054006
054006
054006
054006
054006
054006
054006
054006
054006
054006
054006
054006
054006
054006
054006
054006
054006
054006
054006
054006
054006
054006
054006
054006
054006
054008
054999
054999
054001
054002
054999
054999
054003
054003
054003
054003
054003
054003
054003
054003
054003
054003
054003
054003
054003
054003
054003
054003
054003
054002
054999
054999
054999
054999
054003
054003
054002
054008
054008
054008
054008
054999
054003
054999
054999
054005
054005
054008
054005
054002
054002
054002
054014
054014
054008
054014
054999
054009
054999
054012
054012
054002
054999
054008
054011
054001
054008
054999
054999
054008
054002
054003
054013
054011
054011
054011
054011
054008
054008
054007
054007
054005
054009
054009
054009
054009
054009
054009
054008
054011
054011
054999
054999
054009
054008
054014
054004
054008
054008
054008
054008
054005
054002
054002
054002
054002
054002
054004
054003
054003
054003
054003
054003
054003
054003
054999
054008
054008
054008
054008
054013
054013
054013
054008
054999
054009
054999
054012
054012
054012
054001
054008
054005
054008
054003
054011
054008
054008
054012
054012
054012
054005
054005
054005
054005
054005
054005
054005
054005
054005
054005
054005
054005
054005
054014
054008
054005
054005
054005
054005
054011
054012
054008
054008
054008
054008
054005
054005
054004
054004
054004
054004
054004
054004
054008
054008
054008
054002
054999
054999
054999
054999
054999
054999
054999
054999
054999
054999
054999
054999
054999
054999
054999
054999
054999
054008
054008
054008
054005
054999
054999
054999
054999
054003
054003
054004
054014
054014
054014
054014
054014
054008
054008
054008
054008
054008
054008
054008
054008
054005
054005
054005
054999
054999
054008
054999
054999
054999
054008
054011
054014
054005
054005
054002
054005
054005
054013
054009
054005
054005
054008
054008
054009
054005
054999
054004
054004
054003
054011
054011
054011
054005
054999
054999
054006
054006
054012
054012
054012
054006
054012
054011
054013
054013
054011
054011
054008
054008
054999
054005
054005
054005
054005
054999
054003
054003
054011
054999
054008
054008
054011
054011
054006
054006
054011
054008
054008
054011
054011
054003
054005
054008
054005
054005
054005
054005
054005
054005
054005
054003
054004
054011
054009
054009
054009
054009
054008
054008
054013
054013
054012
054009
054009
054009
054999
054001
054009
054005
054005
054005
054005
054005
054008
054008
054999
054011
054011
054011
054011
054011
054011
054011
054010
054008
054010
054012
054010
054010
054008
054010
054010
054008
054010
054012
054012
054008
054008
054008
054999
054008
054004
054009
054999
054014
054004
054008
054005
054005
054005
054005
054005
054005
054005
054005
054002
054002
054002
054002
054005
054005
054005
054999
054005
054999
054005
054005
054005
054005
054005
054005
054005
054005
054999
054011
054005
054005
054005
054013
054008
054008
054009
054999
054999
054005
054005
054005
054005
054005
054005
054005
054005
054012
054008
055003
055003
044024
044024
055003
055005
055005
055005
055005
055005
055005
055005
055001
055005
055005
055001
055003
055003
055001
055003
055003
055003
055003
055003
055003
055003
055003
055003
055003
055005
055005
055003
055003
055003
055003
055003
055003
055003
055003
055003
055003
055003
055005
055005
055005
055003
055002
055002
055002
055002
055002
055002
055002
055002
055002
055002
055002
055002
055001
055003
055003
055003
055002
055003
055003
055003
055003
055003
055003
055003
055003
055003
055002
055002
055002
055002
055002
055002
055004
055005
055002
055002
055002
055002
055005
055003
055003
055003
055003
055003
055003
055003
055003
055003
055003
055003
055003
055003
055003
055003
055003
055003
055003
055003
055003
055003
055003
055004
055004
055004
055004
055004
055004
055004
055004
055004
055004
055004
055004
055004
055004
055004
055005
055005
055002
055002
055002
055002
055002
055002
055002
055005
055002
055001
055001
055001
055001
055003
055003
055003
055003
055002
055002
055002
055002
055002
055002
055002
055002
055002
055002
055002
055002
055002
055005
055005
055003
055003
055003
055003
055003
055003
055003
055003
055002
055002
055002
055002
055002
055002
055002
044017
055003
055004
055004
055004
055004
055004
055004
055004
055004
055002
055002
055003
055002
055003
055002
055002
055002
055002
055002
055002
055002
055003
055003
055002
055003
055003
055003
055003
055003
055003
055003
055003
055003
055003
055003
055003
055003
055003
055005
055005
055005
055002
055004
055002
055002
055002
055002
055002
055002
055002
055002
055002
055003
055003
055003
055003
055003
055003
055003
055002
055003
055002
055002
055004
055004
055003
044024
055005
055004
055003
055003
055003
055002
055002
055002
055002
055002
055004
055004
055004
055005
055005
055003
055003
055003
055003
055003
055003
055003
055003
055003
055003
055003
055003
055003
055003
055005
055003
055003
055003
044024
055002
055002
055005
055003
055002
055002
055004
055003
055003
055003
055003
055003
055003
055004
055004
055003
055002
055002
055002
055002
055002
055003
055003
055003
055003
055002
055002
055002
055002
055002
055002
055002
055002
055003
055003
055003
055002
055002
055002
055002
055004
055003
055002
055002
055003
055002
055002
055002
055002
055002
055002
055002
055002
055002
055002
055003
055003
055002
055003
055003
055003
055003
055003
055003
055003
055004
055003
055003
055003
055003
055002
055004
055003
055002
055002
055002
055002
055002
055003
055003
055003
055003
055003
055003
055003
009999
009999
055003
055003
055002
055002
055002
055002
055002
055002
055002
055003
055003
055003
055003
055002
055003
055003
055003
055003
055003
055003
055003
055005
055005
055005
055002
055002
055002
055002
055003
055003
055002
055003
055004
055004
055004
055004
055004
055004
055004
055004
055004
055004
055004
055004
055004
055004
055004
055004
055004
055004
055004
055004
055004
055004
055004
055004
055004
055004
055002
055005
055005
055003
055005
055002
055002
055002
055002
055003
055003
055002
055002
055002
055002
055002
055003
055003
055003
055003
055004
055003
055005
055003
055003
055002
055005
055001
055003
055001
055002
055005
055003
055002
055003
055003
055003
055005
055005
055002
055002
055003
055003
055003
055002
055004
055004
055004
055004
055004
055004
055004
055004
055004
055004
055004
055003
055003
055003
055003
055003
055003
055003
055003
055003
055004
055004
055004
055004
055004
055004
055004
055004
055004
055004
055004
055004
055004
055004
055004
055004
055004
055004
055004
055004
055004
055004
055004
055004
055004
055004
055004
055004
055004
055004
055004
055004
055004
055004
055004
055004
055004
055004
055004
055004
055004
055004
055004
055004
055004
055003
055003
055003
055003
055003
055003
055003
055003
055003
055003
055002
055003
055004
055004
055003
055003
055003
055004
055004
055004
055004
055004
055004
055004
055004
055003
055003
055003
055002
055005
055003
055004
055004
055003
055002
055004
055002
055004
055004
055002
055002
055003
055003
055002
055002
055003
055002
055003
055003
055002
055002
055003
055003
055002
055002
055002
055003
055002
055002
055002
055002
055002
055002
055002
055002
055002
055002
055002
055002
055002
055003
055003
055003
055003
055002
055002
055003
055003
055002
055002
055002
055002
055002
055003
055003
055003
055003
055001
055002
055003
055002
055002
055002
055002
055002
055003
055003
055003
055003
055002
055003
055003
055003
055003
055003
055003
055003
055003
055002
055002
055002
055002
055002
055002
055002
055003
055002
055002
055002
055003
055002
055002
055002
055004
055004
055004
055004
055004
055004
055004
055004
055004
055004
055004
055004
055004
055004
055003
055003
055003
055002
055003
055002
055002
055002
055002
055002
055002
055002
055002
047006
047006
055005
055003
055003
055003
055003
055003
055003
055003
055003
055003
055004
055002
055002
055002
055002
055004
055004
055004
055002
055002
055002
055003
055003
055003
055003
055003
055003
055003
055005
055002
055002
055005
055005
055003
055003
055003
055003
055003
055003
055003
055002
055002
055002
055003
055003
055003
055003
055003
055003
055003
055002
055002
055002
055002
055002
055002
055002
055002
055002
055002
055002
055002
055002
055003
055003
055002
055002
055003
055003
055003
055003
055003
055004
055004
055004
055004
055003
055003
055002
055002
055004
055003
055002
055003
055003
055003
055002
055002
055003
055003
055004
055002
055005
055005
055002
055002
055003
055003
055003
055003
055003
055003
055003
055002
055003
055003
055003
055002
055002
055003
055003
055003
055002
055003
055002
055003
055003
055003
055002
055002
055004
055003
055003
055003
055002
055002
055002
055002
055002
055002
055002
055002
055002
055002
055002
055002
055002
055002
055002
055003
055003
055003
055003
055005
055003
055001
055005
055003
055003
055003
055003
055003
055003
055002
055002
055002
055002
055002
055001
055001
055001
055003
055002
055004
055003
055002
055005
055005
055002
055002
055002
055002
055003
055003
055003
055002
055003
055003
055003
055002
055004
055002
055005
055003
055003
055002
055003
055003
055003
055003
055003
055005
055005
055005
055005
055005
055005
055002
055002
055002
055002
055002
055002
055005
055003
055003
055003
055002
055002
055003
055003
055003
055003
055003
055002
055002
055002
055002
055002
055002
055002
055002
055002
055002
055002
055002
055002
055002
055002
055002
055002
055002
055002
055002
055002
055002
055002
055002
055002
055002
055002
055005
055002
055002
055002
055005
055002
055005
055005
055002
055003
055003
055002
055003
055003
055002
055003
055002
055002
055003
055002
055002
055002
055002
055002
055002
055002
055002
055005
055003
055003
055003
055005
055003
055003
055003
055003
055003
055003
055003
055003
055003
055003
055003
055005
055002
055003
055005
055005
055005
055005
055005
055003
055003
055004
055004
055003
055003
055001
055002
055003
055003
055002
055002
055003
055003
055003
055005
055003
055003
055003
055002
055002
055004
055004
055004
055002
055003
055003
055003
055002
055002
055002
055003
055003
055003
055003
055003
055003
055003
055002
055002
055002
055003
055003
055002
055002
055003
055003
055003
055003
055003
055004
055003
055002
055002
055002
055002
055003
055003
055003
055003
055003
055003
055003
055003
055003
055003
055003
055003
055003
055003
055003
055003
055003
055003
055003
055002
055003
055003
055003
055003
055003
055005
055002
055002
055002
055002
055002
055002
055002
055002
055002
055002
055003
055005
055005
055003
055003
055003
055003
055003
055003
055003
055003
055003
055003
055003
055003
055003
055003
055003
055003
055003
055003
055003
055003
055003
055003
055003
055003
055003
055003
055003
055003
055003
055003
055003
055003
055003
055003
055003
055003
055003
055003
055003
055005
055003
055003
055002
055003
055003
055003
055003
055002
055002
055005
055003
055003
055003
055003
057001
057001
057001
057001
057001
057001
057001
057001
057001
057001
